825833524
82
335
395
694
909
913
330
249
654
768
215
101
485
654
421
567
807
313
435
702
421
527
400
268
610
350
946
0
19
758
366
453
446
113
147
355
378
829
604
32
597
171
485
434
825
906
353
632
219
788
686
992
315
86
261
277
789
559
278
160
670
644
613
116
757
760
823
487
942
779
520
891
950
5
326
775
912
679
759
483
468
797
476
135
884
89
413
25
648
43
185
318
687
798
786
796
910
609
283
204
388
155
96
338
513
422
465
777
101
576
260
921
374
736
57
610
177
822
635
826
865
820
496
904
970
635
700
232
244
335
437
985
843
533
675
356
955
493
485
408
69
745
682
443
834
91
405
0
913
40
189
778
212
38
682
534
673
734
767
269
421
204
254
616
737
282
972
44
775
809
452
196
555
486
992
741
577
397
104
490
790
294
620
2
332
302
537
5
388
304
626
810
860
881
426
949
515
751
993
642
912
797
838
819
284
830
560
213
580
665
704
370
311
324
372
995
979
261
352
367
917
978
529
777
211
308
726
726
411
71
368
323
869
559
143
505
741
55
718
321
72
774
691
383
99
64
378
430
325
730
149
243
61
31
372
272
339
99
999
102
522
719
777
391
278
272
248
20
328
967
693
752
741
385
488
192
449
218
622
126
301
124
721
362
155
94
634
846
545
985
948
67
705
77
811
335
350
59
707
30
378
401
134
120
786
622
664
587
841
639
65
142
763
787
504
918
233
490
764
130
476
64
549
533
141
360
868
843
772
928
225
150
681
360
622
819
334
287
406
175
278
471
317
41
610
173
311
195
664
427
325
140
491
227
673
984
587
893
180
711
821
757
862
854
117
484
673
452
123
79
979
401
903
649
794
865
822
105
61
838
532
738
330
375
965
355
712
905
249
892
616
422
649
830
277
119
667
302
923
790
382
902
544
637
903
690
854
78
796
267
916
680
358
247
56
675
954
768
580
203
171126834
549
978
859321906
731
607
132
398
909
407
541
643
662
437
280
826
865
820
496
904
970
635
700
232
244
335
437
985
843
533
675
356
955
493
485
408
69
745
682
443
834
91
405
0
913
40
189
778
212
38
682
534
673
734
767
269
421
204
254
616
737
282
972
44
775
809
452
196
555
486
992
741
577
397
104
490
790
294
620
2
332
302
537
5
388
304
626
810
860
881
426
949
515
751
993
642
912
797
838
819
284
830
560
213
580
665
704
370
311
324
372
995
979
261
352
367
917
978
529
777
211
308
726
726
411
71
368
323
869
559
143
505
741
55
718
321
72
774
691
383
99
64
378
430
325
730
149
243
61
31
372
272
339
99
999
102
522
719
777
391
278
272
248
20
328
967
693
752
741
385
488
192
449
218
622
126
301
124
721
362
155
94
826
865
820
496
904
970
635
700
232
244
335
437
985
843
533
675
356
955
493
485
408
69
745
682
443
834
91
405
0
913
40
189
778
212
38
682
534
673
734
767
269
421
204
254
616
737
282
972
44
775
809
452
196
555
486
992
741
577
397
104
490
790
294
620
2
332
302
537
5
388
304
626
810
860
881
426
949
515
751
993
642
912
797
838
819
284
830
560
213
580
665
704
370
311
324
372
995
979
261
352
367
917
978
529
777
211
308
726
726
411
71
368
323
869
559
143
505
741
55
718
321
72
774
691
383
99
64
378
430
325
730
149
243
61
31
372
272
339
99
999
102
522
719
777
391
278
272
248
20
328
967
693
752
741
385
488
192
449
218
622
126
301
124
721
362
155
94
826
865
820
496
904
970
635
700
232
244
335
437
985
843
533
675
356
955
493
485
408
69
745
682
443
834
91
405
0
913
40
189
778
212
38
682
534
673
734
767
269
421
204
254
616
737
282
972
44
775
809
452
196
555
486
992
741
577
397
104
490
790
294
620
2
332
302
537
5
388
304
626
810
860
881
426
949
515
751
993
642
912
797
838
819
284
830
560
213
580
665
704
370
311
324
372
995
979
261
352
367
917
978
529
777
211
308
726
726
411
71
368
323
869
559
143
505
741
55
718
321
72
774
691
383
99
64
378
430
325
730
149
243
61
31
372
272
339
99
999
102
522
719
777
391
278
272
248
20
328
967
693
752
741
385
488
192
449
218
622
126
825833524
82
335
395
694
909
913
330
249
654
768
215
101
485
654
421
567
807
313
435
702
421
527
400
268
610
350
946
0
19
758
366
453
446
113
147
355
378
829
604
32
597
171
485
434
825
906
353
632
219
788
686
992
315
86
261
277
789
559
278
160
670
644
613
116
757
760
823
487
942
779
520
891
950
5
326
775
912
679
759
483
468
797
476
135
884
89
413
25
648
43
185
318
687
798
786
796
910
609
283
204
388
155
96
338
513
422
465
777
101
576
260
921
374
736
57
610
177
822
635
826
865
820
496
904
970
635
700
232
244
335
437
985
843
533
675
356
955
493
485
408
69
745
682
443
834
91
405
0
913
40
189
778
212
38
682
534
673
734
767
269
421
204
254
616
737
282
972
44
775
809
452
196
555
486
992
741
577
397
104
490
790
294
620
2
332
302
537
5
388
304
626
810
860
881
426
949
515
751
993
642
912
797
838
819
284
830
560
213
580
665
704
370
311
324
372
995
979
261
352
367
917
978
529
777
211
308
726
726
411
71
368
323
869
559
143
505
741
55
718
321
72
774
691
383
99
64
378
430
325
730
149
243
61
31
372
272
339
99
999
102
522
719
777
391
278
272
248
20
328
967
693
752
741
385
488
192
449
218
622
126
301
124
721
362
155
94
634
846
545
985
948
67
705
77
811
335
350
59
707
30
378
401
134
120
786
622
664
587
841
639
65
142
763
787
504
918
233
490
764
130
476
64
549
533
141
360
868
843
772
928
225
150
681
360
622
819
334
287
406
175
278
471
317
41
610
173
311
195
664
427
325
140
491
227
673
984
587
893
180
711
821
757
862
854
117
484
673
452
123
79
979
401
903
649
794
865
822
105
61
838
532
738
330
375
965
355
712
905
249
892
616
422
649
830
277
119
667
302
923
790
382
902
544
637
903
690
854
78
796
267
916
680
358
247
56
675
954
768
580
203
171126834
549
978
859321906
731
607
132
398
909
407
541
643
662
437
280
826
865
820
496
904
970
635
700
232
244
335
437
985
843
533
675
356
955
493
485
408
69
745
682
443
834
91
405
0
913
40
189
778
212
38
682
534
673
734
767
269
421
204
254
616
737
282
972
44
775
809
452
196
555
486
992
741
577
397
104
490
790
294
620
2
332
302
537
5
388
304
626
810
860
881
426
949
515
751
993
642
912
797
838
819
284
830
560
213
580
665
704
370
311
324
372
995
979
261
352
367
917
978
529
777
211
308
726
726
411
71
368
323
869
559
143
505
741
55
718
321
72
774
691
383
99
64
378
430
325
730
149
243
61
31
372
272
339
99
999
102
522
719
777
391
278
272
248
20
328
967
693
752
741
385
488
192
449
218
622
126
301
124
721
362
155
94
826
865
820
496
904
970
635
700
232
244
335
437
985
843
533
675
356
955
493
485
408
69
745
682
443
834
91
405
0
913
40
189
778
212
38
682
534
673
734
767
269
421
204
254
616
737
282
972
44
775
809
452
196
555
486
992
741
577
397
104
490
790
294
620
2
332
302
537
5
388
304
626
810
860
881
426
949
515
751
993
642
912
797
838
819
284
830
560
213
580
665
704
370
311
324
372
995
979
261
352
367
917
978
529
777
211
308
726
726
411
71
368
323
869
559
143
505
741
55
718
321
72
774
691
383
99
64
378
430
325
730
149
243
61
31
372
272
339
99
999
102
522
719
777
391
278
272
248
20
328
967
693
752
741
385
488
192
449
218
622
126
301
124
721
362
155
94
826
865
820
496
904
970
635
700
232
244
335
437
985
843
533
675
356
955
493
485
408
69
745
682
443
834
91
405
0
913
40
189
778
212
38
682
534
673
734
767
269
421
204
254
616
737
282
972
44
775
809
452
196
555
486
992
741
577
397
104
490
790
294
620
2
332
302
537
5
388
304
626
810
860
881
426
949
515
751
993
642
912
797
838
819
284
830
560
213
580
665
704
370
311
324
372
995
979
261
352
367
917
978
529
777
211
308
726
726
411
71
368
323
869
559
143
505
741
55
718
321
72
774
691
383
99
64
378
430
325
730
149
243
61
31
372
272
339
99
999
102
522
719
777
391
278
272
248
20
328
967
693
752
741
385
488
192
449
218
622
126
301
124
721
362
155
94
192
449
218
622
126
301
124
721
362
155
94
192
449
218
622
126
301
124
721
362
155
94
192
449
218
622
126
301
124
721
362
155
94
192
449
218
622
126
301
124
721
362
155
94
192
449
218
622
126
301
124
721
362
155
94
192
449
218
622
126
301
124
721
825833524
82
335
395
694
909
913
330
249
654
768
215
101
485
654
421
567
807
313
435
702
421
527
400
268
610
350
946
0
19
758
366
453
446
113
147
355
378
829
604
32
597
171
485
434
825
906
353
632
219
788
686
992
315
86
261
277
789
559
278
160
670
644
613
116
757
760
823
487
942
779
520
891
950
5
326
775
912
679
759
483
468
797
476
135
884
89
413
25
648
43
185
318
687
798
786
796
910
609
283
204
388
155
96
338
513
422
465
777
101
576
260
921
374
736
57
610
177
822
635
826
865
820
496
904
970
635
700
232
244
335
437
985
843
533
675
356
955
493
485
408
69
745
682
443
834
91
405
0
913
40
189
778
212
38
682
534
673
734
767
269
421
204
254
616
737
282
972
44
775
809
452
196
555
486
992
741
577
397
104
490
790
294
620
2
332
302
537
5
388
304
626
810
860
881
426
949
515
751
993
642
912
797
838
819
284
830
560
213
580
665
704
370
311
324
372
995
979
261
352
367
917
978
529
777
211
308
726
726
411
71
368
323
869
559
143
505
741
55
718
321
72
774
691
383
99
64
378
430
325
730
149
243
61
31
372
272
339
99
999
102
522
719
777
391
278
272
248
20
328
967
693
752
741
385
488
192
449
218
622
126
301
124
721
362
155
94
634
846
545
985
948
67
705
77
811
335
350
59
707
30
378
401
134
120
786
622
664
587
841
639
65
142
763
787
504
918
233
490
764
130
476
64
549
533
141
360
868
843
772
928
225
150
681
360
622
819
334
287
406
175
278
471
317
41
610
173
311
195
664
427
325
140
491
227
673
984
587
893
180
711
821
757
862
854
117
484
673
452
123
79
979
401
903
649
794
865
822
105
61
838
532
738
330
375
965
355
712
905
249
892
616
422
649
830
277
119
667
302
923
790
382
902
544
637
903
690
854
78
796
267
916
680
358
247
56
675
954
768
580
203
171126834
549
978
859321906
731
607
132
398
909
407
541
643
662
437
280
826
865
820
496
904
970
635
700
232
244
335
437
985
843
533
675
356
955
493
485
408
69
745
682
443
834
91
405
0
913
40
189
778
212
38
682
534
673
734
767
269
421
204
254
616
737
282
972
44
775
809
452
196
555
486
992
741
577
397
104
490
790
294
620
2
332
302
537
5
388
304
626
810
860
881
426
949
515
751
993
642
912
797
838
819
284
830
560
213
580
665
704
370
311
324
372
995
979
261
352
367
917
978
529
777
211
308
726
726
411
71
368
323
869
559
143
505
741
55
718
321
72
774
691
383
99
64
378
430
325
730
149
243
61
31
372
272
339
99
999
102
522
719
777
391
278
272
248
20
328
967
693
752
741
385
488
192
449
218
622
126
301
124
721
362
155
94
826
865
820
496
904
970
635
700
232
244
335
437
985
843
533
675
356
955
493
485
408
69
745
682
443
834
91
405
0
913
40
189
778
212
38
682
534
673
734
767
269
421
204
254
616
737
282
972
44
775
809
452
196
555
486
992
741
577
397
104
490
790
294
620
2
332
302
537
5
388
304
626
810
860
881
426
949
515
751
993
642
912
797
838
819
284
830
560
213
580
665
704
370
311
324
372
995
979
261
352
367
917
978
529
777
211
308
726
726
411
71
368
323
869
559
143
505
741
55
718
321
72
774
691
383
99
64
378
430
325
730
149
243
61
31
372
272
339
99
999
102
522
719
777
391
278
272
248
20
328
967
693
752
741
385
488
192
449
218
622
126
301
124
721
362
155
94
826
865
820
496
904
970
635
700
232
244
335
437
985
843
533
675
356
955
493
485
408
69
745
682
443
834
91
405
0
913
40
189
778
212
38
682
534
673
734
767
269
421
204
254
616
737
282
972
44
775
809
452
196
555
486
992
741
577
397
104
490
790
294
620
2
332
302
537
5
388
304
626
810
860
881
426
949
515
751
993
642
912
797
838
819
284
830
560
213
580
665
704
370
311
324
372
995
979
261
352
367
917
978
529
777
211
308
726
726
411
71
368
323
869
559
143
505
741
55
718
321
72
774
691
383
99
64
378
430
325
730
149
243
61
31
372
272
339
99
999
102
522
719
777
391
278
272
248
20
328
967
693
752
741
385
488
192
449
218
622
126
301
124
721
362
155
94
192
449
218
622
126
301
124
721
362
155
94
192
449
218
622
126
301
124
721
362
155
94
192
449
218
622
126
301
124
721
362
155
94
192
449
218
622
126
301
124
721
362
155
94
192
449
218
622
126
301
124
721
362
155
94
192
449
218
622
126
301
124
721
301
124
721
362
155
94
192
449
218
622
126
301
124
721
362
155
94
192
449
218
622
126
301
124
721
362
155
94
192
449
218
622
126
301
124
721
362
155
94
192
449
218
622
126
301
124
721
362
155
94
192
449
218
622
126
30
4
6
8
2
8
9
4
3
7
9
3
7
9
3
3
8
4567451
124
721
362
155
94
192
449
218
622
126
301
124
721
449
218
622
126
301
124
721
362
155
94
192
449
218
622
126
301
124
721
301
124
721
362
155
94
192
449
218
622
126
301
124
721
362
155
94
192
449
218
622
126
301
124
721
362
155
94
192
449
218
622
126
301
124
721
362
155
94
192
449
218
622
126
301
124
721
362
155
94
192
449
218
622
126
301
124
721
362
155
94
192
449
218
622
126
301
124
721
34567
438765
2345
98345
234325
57456
74564
0
0
0
0
12297
50603
27426
37405
66912
44212
36693
6686
60007
66513
59954
57087
81677
1349
20053
68005
65417
94537
44444
76203
58020
81107
41418
61408
78910
37525
49225
59171
68647
1274
40981
80945
51877
68407
18350
35141
12620
71396
41828
88979
37909
18134
46066
19586
35836
82471
87592
1253
93360
48388
93808
51380
29495
35226
29140
24757
89104
78366
83928
57751
79640
41261
55048
47869
26021
89751
83011
38641
61147
41191
27620
15408
59325
90038
34994
95161
88862
38938
96414
82222
87327
6575
49955
16822
58153
79095
57932
47257
57461
41860
5009
53453
99474
60057
17675
25495
49808
17038
64136
27307
58229
8108
42715
17554
14498
94062
29068
3360
33000
41834
85583
20327
48409
35538
53502
6563
14633
11434
53820
88447
69646
75181
58252
69120
51591
75927
94615
1399
9317
75103
45059
67546
83211
87774
1453
14062
81836
30521
17422
31189
72355
19357
51516
37117
54895
21370
43680
85881
49156
13852
90680
18803
5386
65284
87923
56977
41212
82539
74728
66881
73994
19787
34428
73558
23914
52233
87620
22102
82754
21394
53291
71461
40752
21160
24930
11999
42530
84962
14232
91687
98815
4912
10490
4201
70197
14765
77530
27761
13656
52258
94642
87651
88398
45422
61209
12312
97655
65181
34414
96761
86575
4058
84575
27327
25218
9505
39327
67748
94468
53559
75787
9635
74824
2629
30188
61373
33747
7718
89134
47403
59976
128
51406
64726
61903
28967
77038
75910
94148
27805
72672
80724
31863
73599
24403
57081
83104
80082
41181
93924
49994
16969
3559
24818
35950
50099
2543
69697
57817
8029
33453
34146
8157
84859
98872
86412
13827
92263
62323
24327
20068
51347
21403
68283
24946
45807
25364
24402
42241
82897
34679
92235
16218
54590
33405
52169
4690
35948
38218
78859
43977
71671
29357
68487
72883
44582
71251
86710
36845
49926
27389
73265
1273
48793
41548
42571
10952
83264
83326
69545
66161
34357
61781
82380
88947
11538
50901
9989
63839
5471
5201
24168
77143
34558
9007
50026
79140
80259
53088
15985
30185
80477
89250
47811
45622
47150
6734
72926
30414
90060
42472
12928
24417
20605
11660
29717
48495
78913
39706
12334
84384
44907
36503
61527
95818
61862
27905
74958
42121
80993
7296
88659
77823
96546
52822
39797
60049
59556
12724
6815
49617
71548
19743
90386
8505
47755
20103
57000
26668
76162
69335
11053
37421
22190
72580
33239
84052
16838
8198
42526
14183
15494
47537
92006
28392
359
48156
4793
59915
77232
11609
0
58229
8108
42715
17554
14498
94062
29068
3360
33000
41834
85583
20327
48409
35538
53502
6563
14633
11434
53820
88447
69646
75181
58252
69120
51591
75927
94615
1399
9317
75103
45059
67546
83211
87774
1453
14062
81836
30521
17422
31189
72355
19357
51516
37117
54895
21370
43680
345678
82344
54634
7
5
3
743
563
52
6534
645
63
54
7
456
435
4
7634
5
34
64
745
6
234
754
6754
63
254
235
6
85881
52822
39797
60049
59556
12724
6815
49617
71548
19743
90386
8505
47755
20103
57000
26668
76162
69335
11053
37421
22190
72580
33239
84052
16838
8198
42526
14183
15494
47537
92006
28392
359
48156
4793
59915
77232
11609
0
58229
8108
42715
17554
14498
94062
29068
3360
33000
41834
85583
20327
48409
35538
53502
6563
14633
11434
53820
88447
69646
75181
58252
69120
51591
75927
94615
1399
9317
75103
45059
67546
83211
87774
1453
14062
81836
30521
17422
31189
72355
19357
51516
37117
54895
21370
43680
345678
82344
54634
7
5
3
743
563
52
6534
645
63
54
7
456
435
4
7634
5
34
64
745
6
234
754
6754
63
254
235
6
85881
149
243
61
31
372
272
339
99
999
102
522
719
777
391
278
272
248
20
328
967
693
752
741
385
488
192
449
218
622
126
301
124
721
362
155
94
826
865
820
496
904
970
635
700
232
244
335
437
985
843
533
675
356
955
493
485
408
69
745
682
443
834
91
405
0
913
40
189
778
212
38
682
534
673
734
767
269
421
204
254
616
737
282
972
44
775
809
452
196
555
486
992
741
577
397
104
490
790
294
620
2
332
302
537
5
388
304
626
149
243
61
31
372
272
339
99
999
102
522
719
777
391
278
272
248
20
328
967
693
752
741
385
488
192
449
218
622
126
301
124
721
362
155
94
826
865
820
496
904
970
635
700
232
244
335
437
985
843
533
675
356
955
493
485
408
69
745
682
443
834
91
405
0
913
40
189
778
212
38
682
534
673
734
767
269
421
204
254
616
737
282
972
44
775
809
452
196
555
486
992
741
577
397
104
490
790
294
620
2
332
302
537
5
388
304
626
149
243
61
31
372
272
339
99
999
102
522
719
777
391
278
272
248
20
328
967
693
752
741
385
488
192
449
218
622
126
301
124
721
362
155
94
826
865
820
496
904
970
635
700
232
244
335
437
985
843
533
675
356
955
493
485
408
69
745
682
443
834
91
405
0
913
40
189
778
212
38
682
534
673
734
767
269
421
204
254
616
737
3
825833524
82
335
395
694
909
913
330
249
654
768
215
101
485
654
421
567
807
313
435
702
421
527
400
268
610
350
946
0
19
758
366
453
446
113
147
355
378
829
604
32
597
171
485
434
825
906
353
632
219
788
686
992
315
86
261
277
789
559
278
160
670
644
613
116
757
760
823
487
942
779
520
891
950
5
326
775
912
679
759
483
468
797
476
135
884
89
413
25
648
43
185
318
687
798
786
796
910
609
283
204
388
155
96
338
513
422
465
777
101
576
260
921
374
736
57
610
177
822
635
826
865
820
496
904
970
635
700
232
244
335
437
985
843
533
675
356
955
493
485
408
69
745
682
443
834
91
405
0
913
40
189
778
212
38
682
534
673
734
767
269
421
204
254
616
737
282
972
44
775
809
452
196
555
486
992
741
577
397
104
490
790
294
620
2
332
302
537
5
388
304
626
810
860
881
426
949
515
751
993
642
912
797
838
819
284
830
560
213
580
665
704
370
311
324
372
995
979
261
352
367
917
978
529
777
211
308
726
726
411
71
368
323
869
559
143
505
741
55
718
321
72
774
691
383
99
64
378
430
325
730
149
243
61
31
372
272
339
99
999
102
522
719
777
391
278
272
248
20
328
967
693
752
741
385
488
192
449
218
622
126
301
124
721
362
155
94
634
846
545
985
948
67
705
77
811
335
350
59
707
30
378
401
134
120
786
622
664
587
841
639
65
142
763
787
504
918
233
490
764
130
476
64
549
533
141
360
868
843
772
928
225
150
681
360
622
819
334
287
406
175
278
471
317
41
610
173
311
195
664
427
325
140
491
227
673
984
587
893
180
711
821
757
862
854
117
484
673
452
123
79
979
401
903
649
794
865
822
105
61
838
532
738
330
375
965
355
712
905
249
892
616
422
649
830
277
119
667
302
923
790
382
902
544
637
903
690
854
78
796
267
916
680
358
247
56
675
954
768
580
203
171126834
549
978
859321906
731
607
132
398
909
407
541
643
662
437
280
826
865
820
496
904
970
635
700
232
244
335
437
985
843
533
675
356
955
493
485
408
69
745
682
443
834
91
405
0
913
40
189
778
212
38
682
534
673
734
767
269
421
204
254
616
737
282
972
44
775
809
452
196
555
486
992
741
577
397
104
490
790
294
620
2
332
302
537
5
388
304
626
810
860
881
426
949
515
751
993
642
912
797
838
819
284
830
560
213
580
665
704
370
311
324
372
995
979
261
352
367
917
978
529
777
211
308
726
726
411
71
368
323
869
559
143
505
741
55
718
321
72
774
691
383
99
64
378
430
325
730
149
243
61
31
372
272
339
99
999
102
522
719
777
391
278
272
248
20
328
967
693
752
741
385
488
192
449
218
622
126
301
124
721
362
155
94
826
865
820
496
904
970
635
700
232
244
335
437
985
843
533
675
356
955
493
485
408
69
745
682
443
834
91
405
0
913
40
189
778
212
38
682
534
673
734
767
269
421
204
254
616
737
282
972
44
775
809
452
196
555
486
992
741
577
397
104
490
790
294
620
2
332
302
537
5
388
304
626
810
860
881
426
949
515
751
993
642
912
797
838
819
284
830
560
213
580
665
704
370
311
324
372
995
979
261
352
367
917
978
529
777
211
308
726
726
411
71
368
323
869
559
143
505
741
55
718
321
72
774
691
383
99
64
378
430
325
730
149
243
61
31
372
272
339
99
999
102
522
719
777
391
278
272
248
20
328
967
693
752
741
385
488
192
449
218
622
126
301
124
721
362
155
94
826
865
820
496
904
970
635
700
232
244
335
437
985
843
533
675
356
955
493
485
408
69
745
682
443
834
91
405
0
913
40
189
778
212
38
682
534
673
734
767
269
421
204
254
616
737
282
972
44
775
809
452
196
555
486
992
741
577
397
104
490
790
294
620
2
332
302
537
5
388
304
626
810
860
881
426
949
515
751
993
642
912
797
838
819
284
830
560
213
580
665
704
370
311
324
372
995
979
261
352
367
917
978
529
777
211
308
726
726
411
71
368
323
869
559
143
505
741
55
718
321
72
774
691
383
99
64
378
430
325
730
149
243
61
31
372
272
339
99
999
102
522
719
777
391
278
272
248
20
328
967
693
752
741
385
488
192
449
218
622
126
825833524
82
335
395
694
909
913
330
249
654
768
215
101
485
654
421
567
807
313
435
702
421
527
400
268
610
350
946
0
19
758
366
453
446
113
147
355
378
829
604
32
597
171
485
434
825
906
353
632
219
788
686
992
315
86
261
277
789
559
278
160
670
644
613
116
757
760
823
487
942
779
520
891
950
5
326
775
912
679
759
483
468
797
476
135
884
89
413
25
648
43
185
318
687
798
786
796
910
609
283
204
388
155
96
338
513
422
465
777
101
576
260
921
374
736
57
610
177
822
635
826
865
820
496
904
970
635
700
232
244
335
437
985
843
533
675
356
955
493
485
408
69
745
682
443
834
91
405
0
913
40
189
778
212
38
682
534
673
734
767
269
421
204
254
616
737
282
972
44
775
809
452
196
555
486
992
741
577
397
104
490
790
294
620
2
332
302
537
5
388
304
626
810
860
881
426
949
515
751
993
642
912
797
838
819
284
830
560
213
580
665
704
370
311
324
372
995
979
261
352
367
917
978
529
777
211
308
726
726
411
71
368
323
869
559
143
505
741
55
718
321
72
774
691
383
99
64
378
430
325
730
149
243
61
31
372
272
339
99
999
102
522
719
777
391
278
272
248
20
328
967
693
752
741
385
488
192
449
218
622
126
301
124
721
362
155
94
634
846
545
985
948
67
705
77
811
335
350
59
707
30
378
401
134
120
786
622
664
587
841
639
65
142
763
787
504
918
233
490
764
130
476
64
549
533
141
360
868
843
772
928
225
150
681
360
622
819
334
287
406
175
278
471
317
41
610
173
311
195
664
427
325
140
491
227
673
984
587
893
180
711
821
757
862
854
117
484
673
452
123
79
979
401
903
649
794
865
822
105
61
838
532
738
330
375
965
355
712
905
249
892
616
422
649
830
277
119
667
302
923
790
382
902
544
637
903
690
854
78
796
267
916
680
358
247
56
675
954
768
580
203
171126834
549
978
859321906
731
607
132
398
909
407
541
643
662
437
280
826
865
820
496
904
970
635
700
232
244
335
437
985
843
533
675
356
955
493
485
408
69
745
682
443
834
91
405
0
913
40
189
778
212
38
682
534
673
734
767
269
421
204
254
616
737
282
972
44
775
809
452
196
555
486
992
741
577
397
104
490
790
294
620
2
332
302
537
5
388
304
626
810
860
881
426
949
515
751
993
642
912
797
838
819
284
830
560
213
580
665
704
370
311
324
372
995
979
261
352
367
917
978
529
777
211
308
726
726
411
71
368
323
869
559
143
505
741
55
718
321
72
774
691
383
99
64
378
430
325
730
149
243
61
31
372
272
339
99
999
102
522
719
777
391
278
272
248
20
328
967
693
752
741
385
488
192
449
218
622
126
301
124
721
362
155
94
826
865
820
496
904
970
635
700
232
244
335
437
985
843
533
675
356
955
493
485
408
69
745
682
443
834
91
405
0
913
40
189
778
212
38
682
534
673
734
767
269
421
204
254
616
737
282
972
44
775
809
452
196
555
486
992
741
577
397
104
490
790
294
620
2
332
302
537
5
388
304
626
810
860
881
426
949
515
751
993
642
912
797
838
819
284
830
560
213
580
665
704
370
311
324
372
995
979
261
352
367
917
978
529
777
211
308
726
726
411
71
368
323
869
559
143
505
741
55
718
321
72
774
691
383
99
64
378
430
325
730
149
243
61
31
372
272
339
99
999
102
522
719
777
391
278
272
248
20
328
967
693
752
741
385
488
192
449
218
622
126
301
124
721
362
155
94
826
865
820
496
904
970
635
700
232
244
335
437
985
843
533
675
356
955
493
485
408
69
745
682
443
834
91
405
0
913
40
189
778
212
38
682
534
673
734
767
269
421
204
254
616
737
282
972
44
775
809
452
196
555
486
992
741
577
397
104
490
790
294
620
2
332
302
537
5
388
304
626
810
860
881
426
949
515
751
993
642
912
797
838
819
284
830
560
213
580
665
704
370
311
324
372
995
979
261
352
367
917
978
529
777
211
308
726
726
411
71
368
323
869
559
143
505
741
55
718
321
72
774
691
383
99
64
378
430
325
730
149
243
61
31
372
272
339
99
999
102
522
719
777
391
278
272
248
20
328
967
693
752
741
385
488
192
449
218
622
126
301
124
721
362
155
94
192
449
218
622
126
301
124
721
362
155
94
192
449
218
622
126
301
124
721
362
155
94
192
449
218
622
126
301
124
721
362
155
94
192
449
218
622
126
301
124
721
362
155
94
192
449
218
622
126
301
124
721
362
155
94
192
449
218
622
126
301
124
721
825833524
82
335
395
694
909
913
330
249
654
768
215
101
485
654
421
567
807
313
435
702
421
527
400
268
610
350
946
0
19
758
366
453
446
113
147
355
378
829
604
32
597
171
485
434
825
906
353
632
219
788
686
992
315
86
261
277
789
559
278
160
670
644
613
116
757
760
823
487
942
779
520
891
950
5
326
775
912
679
759
483
468
797
476
135
884
89
413
25
648
43
185
318
687
798
786
796
910
609
283
204
388
155
96
338
513
422
465
777
101
576
260
921
374
736
57
610
177
822
635
826
865
820
496
904
970
635
700
232
244
335
437
985
843
533
675
356
955
493
485
408
69
745
682
443
834
91
405
0
913
40
189
778
212
38
682
534
673
734
767
269
421
204
254
616
737
282
972
44
775
809
452
196
555
486
992
741
577
397
104
490
790
294
620
2
332
302
537
5
388
304
626
810
860
881
426
949
515
751
993
642
912
797
838
819
284
830
560
213
580
665
704
370
311
324
372
995
979
261
352
367
917
978
529
777
211
308
726
726
411
71
368
323
869
559
143
505
741
55
718
321
72
774
691
383
99
64
378
430
325
730
149
243
61
31
372
272
339
99
999
102
522
719
777
391
278
272
248
20
328
967
693
752
741
385
488
192
449
218
622
126
301
124
721
362
155
94
634
846
545
985
948
67
705
77
811
335
350
59
707
30
378
401
134
120
786
622
664
587
841
639
65
142
763
787
504
918
233
490
764
130
476
64
549
533
141
360
868
843
772
928
225
150
681
360
622
819
334
287
406
175
278
471
317
41
610
173
311
195
664
427
325
140
491
227
673
984
587
893
180
711
821
757
862
854
117
484
673
452
123
79
979
401
903
649
794
865
822
105
61
838
532
738
330
375
965
355
712
905
249
892
616
422
649
830
277
119
667
302
923
790
382
902
544
637
903
690
854
78
796
267
916
680
358
247
56
675
954
768
580
203
171126834
549
978
859321906
731
607
132
398
909
407
541
643
662
437
280
826
865
820
496
904
970
635
700
232
244
335
437
985
843
533
675
356
955
493
485
408
69
745
682
443
834
91
405
0
913
40
189
778
212
38
682
534
673
734
767
269
421
204
254
616
737
282
972
44
775
809
452
196
555
486
992
741
577
397
104
490
790
294
620
2
332
302
537
5
388
304
626
810
860
881
426
949
515
751
993
642
912
797
838
819
284
830
560
213
580
665
704
370
311
324
372
995
979
261
352
367
917
978
529
777
211
308
726
726
411
71
368
323
869
559
143
505
741
55
718
321
72
774
691
383
99
64
378
430
325
730
149
243
61
31
372
272
339
99
999
102
522
719
777
391
278
272
248
20
328
967
693
752
741
385
488
192
449
218
622
126
301
124
721
362
155
94
826
865
820
496
904
970
635
700
232
244
335
437
985
843
533
675
356
955
493
485
408
69
745
682
443
834
91
405
0
913
40
189
778
212
38
682
534
673
734
767
269
421
204
254
616
737
282
972
44
775
809
452
196
555
486
992
741
577
397
104
490
790
294
620
2
332
302
537
5
388
304
626
810
860
881
426
949
515
751
993
642
912
797
838
819
284
830
560
213
580
665
704
370
311
324
372
995
979
261
352
367
917
978
529
777
211
308
726
726
411
71
368
323
869
559
143
505
741
55
718
321
72
774
691
383
99
64
378
430
325
730
149
243
61
31
372
272
339
99
999
102
522
719
777
391
278
272
248
20
328
967
693
752
741
385
488
192
449
218
622
126
301
124
721
362
155
94
826
865
820
496
904
970
635
700
232
244
335
437
985
843
533
675
356
955
493
485
408
69
745
682
443
834
91
405
0
913
40
189
778
212
38
682
534
673
734
767
269
421
204
254
616
737
282
972
44
775
809
452
196
555
486
992
741
577
397
104
490
790
294
620
2
332
302
537
5
388
304
626
810
860
881
426
949
515
751
993
642
912
797
838
819
284
830
560
213
580
665
704
370
311
324
372
995
979
261
352
367
917
978
529
777
211
308
726
726
411
71
368
323
869
559
143
505
741
55
718
321
72
774
691
383
99
64
378
430
325
730
149
243
61
31
372
272
339
99
999
102
522
719
777
391
278
272
248
20
328
967
693
752
741
385
488
192
449
218
622
126
301
124
721
362
155
94
192
449
218
622
126
301
124
721
362
155
94
192
449
218
622
126
301
124
721
362
155
94
192
449
218
622
126
301
124
721
362
155
94
192
449
218
622
126
301
124
721
362
155
94
192
449
218
622
126
301
124
721
362
155
94
192
449
218
622
126
301
124
721
301
124
721
362
155
94
192
449
218
622
126
301
124
721
362
155
94
192
449
218
622
126
301
124
721
362
155
94
192
449
218
622
126
301
124
721
362
155
94
192
449
218
622
126
301
124
721
362
155
94
192
449
218
622
126
30
4
6
8
2
8
9
4
3
7
9
3
7
9
3
3
8
4567451
124
721
362
155
94
192
449
218
622
126
301
124
721
449
218
622
126
301
124
721
362
155
94
192
449
218
622
126
301
124
721
301
124
721
362
155
94
192
449
218
622
126
301
124
721
362
155
94
192
449
218
622
126
301
124
721
362
155
94
192
449
218
622
126
301
124
721
362
155
94
192
449
218
622
126
301
124
721
362
155
94
192
449
218
622
126
301
124
721
362
155
94
192
449
218
622
126
301
124
721
34567
438765
2345
98345
234325
57456
74564
0
0
0
0
12297
50603
27426
37405
66912
44212
36693
6686
60007
66513
59954
57087
81677
1349
20053
68005
65417
94537
44444
76203
58020
81107
41418
61408
78910
37525
49225
59171
68647
1274
40981
80945
51877
68407
18350
35141
12620
71396
41828
88979
37909
18134
46066
19586
35836
82471
87592
1253
93360
48388
93808
51380
29495
35226
29140
24757
89104
78366
83928
57751
79640
41261
55048
47869
26021
89751
83011
38641
61147
41191
27620
15408
59325
90038
34994
95161
88862
38938
96414
82222
87327
6575
49955
16822
58153
79095
57932
47257
57461
41860
5009
53453
99474
60057
17675
25495
49808
17038
64136
27307
58229
8108
42715
17554
14498
94062
29068
3360
33000
41834
85583
20327
48409
35538
53502
6563
14633
11434
53820
88447
69646
75181
58252
69120
51591
75927
94615
1399
9317
75103
45059
67546
83211
87774
1453
14062
81836
30521
17422
31189
72355
19357
51516
37117
54895
21370
43680
85881
49156
13852
90680
18803
5386
65284
87923
56977
41212
82539
74728
66881
73994
19787
34428
73558
23914
52233
87620
22102
82754
21394
53291
71461
40752
21160
24930
11999
42530
84962
14232
91687
98815
4912
10490
4201
70197
14765
77530
27761
13656
52258
94642
87651
88398
45422
61209
12312
97655
65181
34414
96761
86575
4058
84575
27327
25218
9505
39327
67748
94468
53559
75787
9635
74824
2629
30188
61373
33747
7718
89134
47403
59976
128
51406
64726
61903
28967
77038
75910
94148
27805
72672
80724
31863
73599
24403
57081
83104
80082
41181
93924
49994
16969
3559
24818
35950
50099
2543
69697
57817
8029
33453
34146
8157
84859
98872
86412
13827
92263
62323
24327
20068
51347
21403
68283
24946
45807
25364
24402
42241
82897
34679
92235
16218
54590
33405
52169
4690
35948
38218
78859
43977
71671
29357
68487
72883
44582
71251
86710
36845
49926
27389
73265
1273
48793
41548
42571
10952
83264
83326
69545
66161
34357
61781
82380
88947
11538
50901
9989
63839
5471
5201
24168
77143
34558
9007
50026
79140
80259
53088
15985
30185
80477
89250
47811
45622
47150
6734
72926
30414
90060
42472
12928
24417
20605
11660
29717
48495
78913
39706
12334
84384
44907
36503
61527
95818
61862
27905
74958
42121
80993
7296
88659
77823
96546
52822
39797
60049
59556
12724
6815
49617
71548
19743
90386
8505
47755
20103
57000
26668
76162
69335
11053
37421
22190
72580
33239
84052
16838
8198
42526
14183
15494
47537
92006
28392
359
48156
4793
59915
77232
11609
0
58229
8108
42715
17554
14498
94062
29068
3360
33000
41834
85583
20327
48409
35538
53502
6563
14633
11434
53820
88447
69646
75181
58252
69120
51591
75927
94615
1399
9317
75103
45059
67546
83211
87774
1453
14062
81836
30521
17422
31189
72355
19357
51516
37117
54895
21370
43680
345678
82344
54634
7
5
3
743
563
52
6534
645
63
54
7
456
435
4
7634
5
34
64
745
6
234
754
6754
63
254
235
6
85881
52822
39797
60049
59556
12724
6815
49617
71548
19743
90386
8505
47755
20103
57000
26668
76162
69335
11053
37421
22190
72580
33239
84052
16838
8198
42526
14183
15494
47537
92006
28392
359
48156
4793
59915
77232
11609
0
58229
8108
42715
17554
14498
94062
29068
3360
33000
41834
85583
20327
48409
35538
53502
6563
14633
11434
53820
88447
69646
75181
58252
69120
51591
75927
94615
1399
9317
75103
45059
67546
83211
87774
1453
14062
81836
30521
17422
31189
72355
19357
51516
37117
54895
21370
43680
345678
82344
54634
7
5
3
743
563
52
6534
645
63
54
7
456
435
4
7634
5
34
64
745
6
234
754
6754
63
254
235
6
85881
149
243
61
31
372
272
339
99
999
102
522
719
777
391
278
272
248
20
328
967
693
752
741
385
488
192
449
218
622
126
301
124
721
362
155
94
826
865
820
496
904
970
635
700
232
244
335
437
985
843
533
675
356
955
493
485
408
69
745
682
443
834
91
405
0
913
40
189
778
212
38
682
534
673
734
767
269
421
204
254
616
737
282
972
44
775
809
452
196
555
486
992
741
577
397
104
490
790
294
620
2
332
302
537
5
388
304
626
149
243
61
31
372
272
339
99
999
102
522
719
777
391
278
272
248
20
328
967
693
752
741
385
488
192
449
218
622
126
301
124
721
362
155
94
826
865
820
496
904
970
635
700
232
244
335
437
985
843
533
675
356
955
493
485
408
69
745
682
443
834
91
405
0
913
40
189
778
212
38
682
534
673
734
767
269
421
204
254
616
737
282
972
44
775
809
452
196
555
486
992
741
577
397
104
490
790
294
620
2
332
302
537
5
388
304
626
149
243
61
31
372
272
339
99
999
102
522
719
777
391
278
272
248
20
328
967
693
752
741
385
488
192
449
218
622
126
301
124
721
362
155
94
826
865
820
496
904
970
635
700
232
244
335
437
985
843
533
675
356
955
493
485
408
69
745
682
443
834
91
405
0
913
40
189
778
212
38
682
534
673
734
767
269
421
204
254
616
737
3
825833524
82
335
395
694
909
913
330
249
654
768
215
101
485
654
421
567
807
313
435
702
421
527
400
268
610
350
946
0
19
758
366
453
446
113
147
355
378
829
604
32
597
171
485
434
825
906
353
632
219
788
686
992
315
86
261
277
789
559
278
160
670
644
613
116
757
760
823
487
942
779
520
891
950
5
326
775
912
679
759
483
468
797
476
135
884
89
413
25
648
43
185
318
687
798
786
796
910
609
283
204
388
155
96
338
513
422
465
777
101
576
260
921
374
736
57
610
177
822
635
826
865
820
496
904
970
635
700
232
244
335
437
985
843
533
675
356
955
493
485
408
69
745
682
443
834
91
405
0
913
40
189
778
212
38
682
534
673
734
767
269
421
204
254
616
737
282
972
44
775
809
452
196
555
486
992
741
577
397
104
490
790
294
620
2
332
302
537
5
388
304
626
810
860
881
426
949
515
751
993
642
912
797
838
819
284
830
560
213
580
665
704
370
311
324
372
995
979
261
352
367
917
978
529
777
211
308
726
726
411
71
368
323
869
559
143
505
741
55
718
321
72
774
691
383
99
64
378
430
325
730
149
243
61
31
372
272
339
99
999
102
522
719
777
391
278
272
248
20
328
967
693
752
741
385
488
192
449
218
622
126
301
124
721
362
155
94
634
846
545
985
948
67
705
77
811
335
350
59
707
30
378
401
134
120
786
622
664
587
841
639
65
142
763
787
504
918
233
490
764
130
476
64
549
533
141
360
868
843
772
928
225
150
681
360
622
819
334
287
406
175
278
471
317
41
610
173
311
195
664
427
325
140
491
227
673
984
587
893
180
711
821
757
862
854
117
484
673
452
123
79
979
401
903
649
794
865
822
105
61
838
532
738
330
375
965
355
712
905
249
892
616
422
649
830
277
119
667
302
923
790
382
902
544
637
903
690
854
78
796
267
916
680
358
247
56
675
954
768
580
203
171126834
549
978
859321906
731
607
132
398
909
407
541
643
662
437
280
826
865
820
496
904
970
635
700
232
244
335
437
985
843
533
675
356
955
493
485
408
69
745
682
443
834
91
405
0
913
40
189
778
212
38
682
534
673
734
767
269
421
204
254
616
737
282
972
44
775
809
452
196
555
486
992
741
577
397
104
490
790
294
620
2
332
302
537
5
388
304
626
810
860
881
426
949
515
751
993
642
912
797
838
819
284
830
560
213
580
665
704
370
311
324
372
995
979
261
352
367
917
978
529
777
211
308
726
726
411
71
368
323
869
559
143
505
741
55
718
321
72
774
691
383
99
64
378
430
325
730
149
243
61
31
372
272
339
99
999
102
522
719
777
391
278
272
248
20
328
967
693
752
741
385
488
192
449
218
622
126
301
124
721
362
155
94
826
865
820
496
904
970
635
700
232
244
335
437
985
843
533
675
356
955
493
485
408
69
745
682
443
834
91
405
0
913
40
189
778
212
38
682
534
673
734
767
269
421
204
254
616
737
282
972
44
775
809
452
196
555
486
992
741
577
397
104
490
790
294
620
2
332
302
537
5
388
304
626
810
860
881
426
949
515
751
993
642
912
797
838
819
284
830
560
213
580
665
704
370
311
324
372
995
979
261
352
367
917
978
529
777
211
308
726
726
411
71
368
323
869
559
143
505
741
55
718
321
72
774
691
383
99
64
378
430
325
730
149
243
61
31
372
272
339
99
999
102
522
719
777
391
278
272
248
20
328
967
693
752
741
385
488
192
449
218
622
126
301
124
721
362
155
94
826
865
820
496
904
970
635
700
232
244
335
437
985
843
533
675
356
955
493
485
408
69
745
682
443
834
91
405
0
913
40
189
778
212
38
682
534
673
734
767
269
421
204
254
616
737
282
972
44
775
809
452
196
555
486
992
741
577
397
104
490
790
294
620
2
332
302
537
5
388
304
626
810
860
881
426
949
515
751
993
642
912
797
838
819
284
830
560
213
580
665
704
370
311
324
372
995
979
261
352
367
917
978
529
777
211
308
726
726
411
71
368
323
869
559
143
505
741
55
718
321
72
774
691
383
99
64
378
430
325
730
149
243
61
31
372
272
339
99
999
102
522
719
777
391
278
272
248
20
328
967
693
752
741
385
488
192
449
218
622
126
825833524
82
335
395
694
909
913
330
249
654
768
215
101
485
654
421
567
807
313
435
702
421
527
400
268
610
350
946
0
19
758
366
453
446
113
147
355
378
829
604
32
597
171
485
434
825
906
353
632
219
788
686
992
315
86
261
277
789
559
278
160
670
644
613
116
757
760
823
487
942
779
520
891
950
5
326
775
912
679
759
483
468
797
476
135
884
89
413
25
648
43
185
318
687
798
786
796
910
609
283
204
388
155
96
338
513
422
465
777
101
576
260
921
374
736
57
610
177
822
635
826
865
820
496
904
970
635
700
232
244
335
437
985
843
533
675
356
955
493
485
408
69
745
682
443
834
91
405
0
913
40
189
778
212
38
682
534
673
734
767
269
421
204
254
616
737
282
972
44
775
809
452
196
555
486
992
741
577
397
104
490
790
294
620
2
332
302
537
5
388
304
626
810
860
881
426
949
515
751
993
642
912
797
838
819
284
830
560
213
580
665
704
370
311
324
372
995
979
261
352
367
917
978
529
777
211
308
726
726
411
71
368
323
869
559
143
505
741
55
718
321
72
774
691
383
99
64
378
430
325
730
149
243
61
31
372
272
339
99
999
102
522
719
777
391
278
272
248
20
328
967
693
752
741
385
488
192
449
218
622
126
301
124
721
362
155
94
634
846
545
985
948
67
705
77
811
335
350
59
707
30
378
401
134
120
786
622
664
587
841
639
65
142
763
787
504
918
233
490
764
130
476
64
549
533
141
360
868
843
772
928
225
150
681
360
622
819
334
287
406
175
278
471
317
41
610
173
311
195
664
427
325
140
491
227
673
984
587
893
180
711
821
757
862
854
117
484
673
452
123
79
979
401
903
649
794
865
822
105
61
838
532
738
330
375
965
355
712
905
249
892
616
422
649
830
277
119
667
302
923
790
382
902
544
637
903
690
854
78
796
267
916
680
358
247
56
675
954
768
580
203
171126834
549
978
859321906
731
607
132
398
909
407
541
643
662
437
280
826
865
820
496
904
970
635
700
232
244
335
437
985
843
533
675
356
955
493
485
408
69
745
682
443
834
91
405
0
913
40
189
778
212
38
682
534
673
734
767
269
421
204
254
616
737
282
972
44
775
809
452
196
555
486
992
741
577
397
104
490
790
294
620
2
332
302
537
5
388
304
626
810
860
881
426
949
515
751
993
642
912
797
838
819
284
830
560
213
580
665
704
370
311
324
372
995
979
261
352
367
917
978
529
777
211
308
726
726
411
71
368
323
869
559
143
505
741
55
718
321
72
774
691
383
99
64
378
430
325
730
149
243
61
31
372
272
339
99
999
102
522
719
777
391
278
272
248
20
328
967
693
752
741
385
488
192
449
218
622
126
301
124
721
362
155
94
826
865
820
496
904
970
635
700
232
244
335
437
985
843
533
675
356
955
493
485
408
69
745
682
443
834
91
405
0
913
40
189
778
212
38
682
534
673
734
767
269
421
204
254
616
737
282
972
44
775
809
452
196
555
486
992
741
577
397
104
490
790
294
620
2
332
302
537
5
388
304
626
810
860
881
426
949
515
751
993
642
912
797
838
819
284
830
560
213
580
665
704
370
311
324
372
995
979
261
352
367
917
978
529
777
211
308
726
726
411
71
368
323
869
559
143
505
741
55
718
321
72
774
691
383
99
64
378
430
325
730
149
243
61
31
372
272
339
99
999
102
522
719
777
391
278
272
248
20
328
967
693
752
741
385
488
192
449
218
622
126
301
124
721
362
155
94
826
865
820
496
904
970
635
700
232
244
335
437
985
843
533
675
356
955
493
485
408
69
745
682
443
834
91
405
0
913
40
189
778
212
38
682
534
673
734
767
269
421
204
254
616
737
282
972
44
775
809
452
196
555
486
992
741
577
397
104
490
790
294
620
2
332
302
537
5
388
304
626
810
860
881
426
949
515
751
993
642
912
797
838
819
284
830
560
213
580
665
704
370
311
324
372
995
979
261
352
367
917
978
529
777
211
308
726
726
411
71
368
323
869
559
143
505
741
55
718
321
72
774
691
383
99
64
378
430
325
730
149
243
61
31
372
272
339
99
999
102
522
719
777
391
278
272
248
20
328
967
693
752
741
385
488
192
449
218
622
126
301
124
721
362
155
94
192
449
218
622
126
301
124
721
362
155
94
192
449
218
622
126
301
124
721
362
155
94
192
449
218
622
126
301
124
721
362
155
94
192
449
218
622
126
301
124
721
362
155
94
192
449
218
622
126
301
124
721
362
155
94
192
449
218
622
126
301
124
721
825833524
82
335
395
694
909
913
330
249
654
768
215
101
485
654
421
567
807
313
435
702
421
527
400
268
610
350
946
0
19
758
366
453
446
113
147
355
378
829
604
32
597
171
485
434
825
906
353
632
219
788
686
992
315
86
261
277
789
559
278
160
670
644
613
116
757
760
823
487
942
779
520
891
950
5
326
775
912
679
759
483
468
797
476
135
884
89
413
25
648
43
185
318
687
798
786
796
910
609
283
204
388
155
96
338
513
422
465
777
101
576
260
921
374
736
57
610
177
822
635
826
865
820
496
904
970
635
700
232
244
335
437
985
843
533
675
356
955
493
485
408
69
745
682
443
834
91
405
0
913
40
189
778
212
38
682
534
673
734
767
269
421
204
254
616
737
282
972
44
775
809
452
196
555
486
992
741
577
397
104
490
790
294
620
2
332
302
537
5
388
304
626
810
860
881
426
949
515
751
993
642
912
797
838
819
284
830
560
213
580
665
704
370
311
324
372
995
979
261
352
367
917
978
529
777
211
308
726
726
411
71
368
323
869
559
143
505
741
55
718
321
72
774
691
383
99
64
378
430
325
730
149
243
61
31
372
272
339
99
999
102
522
719
777
391
278
272
248
20
328
967
693
752
741
385
488
192
449
218
622
126
301
124
721
362
155
94
634
846
545
985
948
67
705
77
811
335
350
59
707
30
378
401
134
120
786
622
664
587
841
639
65
142
763
787
504
918
233
490
764
130
476
64
549
533
141
360
868
843
772
928
225
150
681
360
622
819
334
287
406
175
278
471
317
41
610
173
311
195
664
427
325
140
491
227
673
984
587
893
180
711
821
757
862
854
117
484
673
452
123
79
979
401
903
649
794
865
822
105
61
838
532
738
330
375
965
355
712
905
249
892
616
422
649
830
277
119
667
302
923
790
382
902
544
637
903
690
854
78
796
267
916
680
358
247
56
675
954
768
580
203
171126834
549
978
859321906
731
607
132
398
909
407
541
643
662
437
280
826
865
820
496
904
970
635
700
232
244
335
437
985
843
533
675
356
955
493
485
408
69
745
682
443
834
91
405
0
913
40
189
778
212
38
682
534
673
734
767
269
421
204
254
616
737
282
972
44
775
809
452
196
555
486
992
741
577
397
104
490
790
294
620
2
332
302
537
5
388
304
626
810
860
881
426
949
515
751
993
642
912
797
838
819
284
830
560
213
580
665
704
370
311
324
372
995
979
261
352
367
917
978
529
777
211
308
726
726
411
71
368
323
869
559
143
505
741
55
718
321
72
774
691
383
99
64
378
430
325
730
149
243
61
31
372
272
339
99
999
102
522
719
777
391
278
272
248
20
328
967
693
752
741
385
488
192
449
218
622
126
301
124
721
362
155
94
826
865
820
496
904
970
635
700
232
244
335
437
985
843
533
675
356
955
493
485
408
69
745
682
443
834
91
405
0
913
40
189
778
212
38
682
534
673
734
767
269
421
204
254
616
737
282
972
44
775
809
452
196
555
486
992
741
577
397
104
490
790
294
620
2
332
302
537
5
388
304
626
810
860
881
426
949
515
751
993
642
912
797
838
819
284
830
560
213
580
665
704
370
311
324
372
995
979
261
352
367
917
978
529
777
211
308
726
726
411
71
368
323
869
559
143
505
741
55
718
321
72
774
691
383
99
64
378
430
325
730
149
243
61
31
372
272
339
99
999
102
522
719
777
391
278
272
248
20
328
967
693
752
741
385
488
192
449
218
622
126
301
124
721
362
155
94
826
865
820
496
904
970
635
700
232
244
335
437
985
843
533
675
356
955
493
485
408
69
745
682
443
834
91
405
0
913
40
189
778
212
38
682
534
673
734
767
269
421
204
254
616
737
282
972
44
775
809
452
196
555
486
992
741
577
397
104
490
790
294
620
2
332
302
537
5
388
304
626
810
860
881
426
949
515
751
993
642
912
797
838
819
284
830
560
213
580
665
704
370
311
324
372
995
979
261
352
367
917
978
529
777
211
308
726
726
411
71
368
323
869
559
143
505
741
55
718
321
72
774
691
383
99
64
378
430
325
730
149
243
61
31
372
272
339
99
999
102
522
719
777
391
278
272
248
20
328
967
693
752
741
385
488
192
449
218
622
126
301
124
721
362
155
94
192
449
218
622
126
301
124
721
362
155
94
192
449
218
622
126
301
124
721
362
155
94
192
449
218
622
126
301
124
721
362
155
94
192
449
218
622
126
301
124
721
362
155
94
192
449
218
622
126
301
124
721
362
155
94
192
449
218
622
126
301
124
721
301
124
721
362
155
94
192
449
218
622
126
301
124
721
362
155
94
192
449
218
622
126
301
124
721
362
155
94
192
449
218
622
126
301
124
721
362
155
94
192
449
218
622
126
301
124
721
362
155
94
192
449
218
622
126
30
4
6
8
2
8
9
4
3
7
9
3
7
9
3
3
8
4567451
124
721
362
155
94
192
449
218
622
126
301
124
721
449
218
622
126
301
124
721
362
155
94
192
449
218
622
126
301
124
721
301
124
721
362
155
94
192
449
218
622
126
301
124
721
362
155
94
192
449
218
622
126
301
124
721
362
155
94
192
449
218
622
126
301
124
721
362
155
94
192
449
218
622
126
301
124
721
362
155
94
192
449
218
622
126
301
124
721
362
155
94
192
449
218
622
126
301
124
721
34567
438765
2345
98345
234325
57456
74564
0
0
0
0
12297
50603
27426
37405
66912
44212
36693
6686
60007
66513
59954
57087
81677
1349
20053
68005
65417
94537
44444
76203
58020
81107
41418
61408
78910
37525
49225
59171
68647
1274
40981
80945
51877
68407
18350
35141
12620
71396
41828
88979
37909
18134
46066
19586
35836
82471
87592
1253
93360
48388
93808
51380
29495
35226
29140
24757
89104
78366
83928
57751
79640
41261
55048
47869
26021
89751
83011
38641
61147
41191
27620
15408
59325
90038
34994
95161
88862
38938
96414
82222
87327
6575
49955
16822
58153
79095
57932
47257
57461
41860
5009
53453
99474
60057
17675
25495
49808
17038
64136
27307
58229
8108
42715
17554
14498
94062
29068
3360
33000
41834
85583
20327
48409
35538
53502
6563
14633
11434
53820
88447
69646
75181
58252
69120
51591
75927
94615
1399
9317
75103
45059
67546
83211
87774
1453
14062
81836
30521
17422
31189
72355
19357
51516
37117
54895
21370
43680
85881
49156
13852
90680
18803
5386
65284
87923
56977
41212
82539
74728
66881
73994
19787
34428
73558
23914
52233
87620
22102
82754
21394
53291
71461
40752
21160
24930
11999
42530
84962
14232
91687
98815
4912
10490
4201
70197
14765
77530
27761
13656
52258
94642
87651
88398
45422
61209
12312
97655
65181
34414
96761
86575
4058
84575
27327
25218
9505
39327
67748
94468
53559
75787
9635
74824
2629
30188
61373
33747
7718
89134
47403
59976
128
51406
64726
61903
28967
77038
75910
94148
27805
72672
80724
31863
73599
24403
57081
83104
80082
41181
93924
49994
16969
3559
24818
35950
50099
2543
69697
57817
8029
33453
34146
8157
84859
98872
86412
13827
92263
62323
24327
20068
51347
21403
68283
24946
45807
25364
24402
42241
82897
34679
92235
16218
54590
33405
52169
4690
35948
38218
78859
43977
71671
29357
68487
72883
44582
71251
86710
36845
49926
27389
73265
1273
48793
41548
42571
10952
83264
83326
69545
66161
34357
61781
82380
88947
11538
50901
9989
63839
5471
5201
24168
77143
34558
9007
50026
79140
80259
53088
15985
30185
80477
89250
47811
45622
47150
6734
72926
30414
90060
42472
12928
24417
20605
11660
29717
48495
78913
39706
12334
84384
44907
36503
61527
95818
61862
27905
74958
42121
80993
7296
88659
77823
96546
52822
39797
60049
59556
12724
6815
49617
71548
19743
90386
8505
47755
20103
57000
26668
76162
69335
11053
37421
22190
72580
33239
84052
16838
8198
42526
14183
15494
47537
92006
28392
359
48156
4793
59915
77232
11609
0
58229
8108
42715
17554
14498
94062
29068
3360
33000
41834
85583
20327
48409
35538
53502
6563
14633
11434
53820
88447
69646
75181
58252
69120
51591
75927
94615
1399
9317
75103
45059
67546
83211
87774
1453
14062
81836
30521
17422
31189
72355
19357
51516
37117
54895
21370
43680
345678
82344
54634
7
5
3
743
563
52
6534
645
63
54
7
456
435
4
7634
5
34
64
745
6
234
754
6754
63
254
235
6
85881
52822
39797
60049
59556
12724
6815
49617
71548
19743
90386
8505
47755
20103
57000
26668
76162
69335
11053
37421
22190
72580
33239
84052
16838
8198
42526
14183
15494
47537
92006
28392
359
48156
4793
59915
77232
11609
0
58229
8108
42715
17554
14498
94062
29068
3360
33000
41834
85583
20327
48409
35538
53502
6563
14633
11434
53820
88447
69646
75181
58252
69120
51591
75927
94615
1399
9317
75103
45059
67546
83211
87774
1453
14062
81836
30521
17422
31189
72355
19357
51516
37117
54895
21370
43680
345678
82344
54634
7
5
3
743
563
52
6534
645
63
54
7
456
435
4
7634
5
34
64
745
6
234
754
6754
63
254
235
6
85881
149
243
61
31
372
272
339
99
999
102
522
719
777
391
278
272
248
20
328
967
693
752
741
385
488
192
449
218
622
126
301
124
721
362
155
94
826
865
820
496
904
970
635
700
232
244
335
437
985
843
533
675
356
955
493
485
408
69
745
682
443
834
91
405
0
913
40
189
778
212
38
682
534
673
734
767
269
421
204
254
616
737
282
972
44
775
809
452
196
555
486
992
741
577
397
104
490
790
294
620
2
332
302
537
5
388
304
626
149
243
61
31
372
272
339
99
999
102
522
719
777
391
278
272
248
20
328
967
693
752
741
385
488
192
449
218
622
126
301
124
721
362
155
94
826
865
820
496
904
970
635
700
232
244
335
437
985
843
533
675
356
955
493
485
408
69
745
682
443
834
91
405
0
913
40
189
778
212
38
682
534
673
734
767
269
421
204
254
616
737
282
972
44
775
809
452
196
555
486
992
741
577
397
104
490
790
294
620
2
332
302
537
5
388
304
626
149
243
61
31
372
272
339
99
999
102
522
719
777
391
278
272
248
20
328
967
693
752
741
385
488
192
449
218
622
126
301
124
721
362
155
94
826
865
820
496
904
970
635
700
232
244
335
437
985
843
533
675
356
955
493
485
408
69
745
682
443
834
91
405
0
913
40
189
778
212
38
682
534
673
734
767
269
421
204
254
616
737
3
825833524
82
335
395
694
909
913
330
249
654
768
215
101
485
654
421
567
807
313
435
702
421
527
400
268
610
350
946
0
19
758
366
453
446
113
147
355
378
829
604
32
597
171
485
434
825
906
353
632
219
788
686
992
315
86
261
277
789
559
278
160
670
644
613
116
757
760
823
487
942
779
520
891
950
5
326
775
912
679
759
483
468
797
476
135
884
89
413
25
648
43
185
318
687
798
786
796
910
609
283
204
388
155
96
338
513
422
465
777
101
576
260
921
374
736
57
610
177
822
635
826
865
820
496
904
970
635
700
232
244
335
437
985
843
533
675
356
955
493
485
408
69
745
682
443
834
91
405
0
913
40
189
778
212
38
682
534
673
734
767
269
421
204
254
616
737
282
972
44
775
809
452
196
555
486
992
741
577
397
104
490
790
294
620
2
332
302
537
5
388
304
626
810
860
881
426
949
515
751
993
642
912
797
838
819
284
830
560
213
580
665
704
370
311
324
372
995
979
261
352
367
917
978
529
777
211
308
726
726
411
71
368
323
869
559
143
505
741
55
718
321
72
774
691
383
99
64
378
430
325
730
149
243
61
31
372
272
339
99
999
102
522
719
777
391
278
272
248
20
328
967
693
752
741
385
488
192
449
218
622
126
301
124
721
362
155
94
634
846
545
985
948
67
705
77
811
335
350
59
707
30
378
401
134
120
786
622
664
587
841
639
65
142
763
787
504
918
233
490
764
130
476
64
549
533
141
360
868
843
772
928
225
150
681
360
622
819
334
287
406
175
278
471
317
41
610
173
311
195
664
427
325
140
491
227
673
984
587
893
180
711
821
757
862
854
117
484
673
452
123
79
979
401
903
649
794
865
822
105
61
838
532
738
330
375
965
355
712
905
249
892
616
422
649
830
277
119
667
302
923
790
382
902
544
637
903
690
854
78
796
267
916
680
358
247
56
675
954
768
580
203
171126834
549
978
859321906
731
607
132
398
909
407
541
643
662
437
280
826
865
820
496
904
970
635
700
232
244
335
437
985
843
533
675
356
955
493
485
408
69
745
682
443
834
91
405
0
913
40
189
778
212
38
682
534
673
734
767
269
421
204
254
616
737
282
972
44
775
809
452
196
555
486
992
741
577
397
104
490
790
294
620
2
332
302
537
5
388
304
626
810
860
881
426
949
515
751
993
642
912
797
838
819
284
830
560
213
580
665
704
370
311
324
372
995
979
261
352
367
917
978
529
777
211
308
726
726
411
71
368
323
869
559
143
505
741
55
718
321
72
774
691
383
99
64
378
430
325
730
149
243
61
31
372
272
339
99
999
102
522
719
777
391
278
272
248
20
328
967
693
752
741
385
488
192
449
218
622
126
301
124
721
362
155
94
826
865
820
496
904
970
635
700
232
244
335
437
985
843
533
675
356
955
493
485
408
69
745
682
443
834
91
405
0
913
40
189
778
212
38
682
534
673
734
767
269
421
204
254
616
737
282
972
44
775
809
452
196
555
486
992
741
577
397
104
490
790
294
620
2
332
302
537
5
388
304
626
810
860
881
426
949
515
751
993
642
912
797
838
819
284
830
560
213
580
665
704
370
311
324
372
995
979
261
352
367
917
978
529
777
211
308
726
726
411
71
368
323
869
559
143
505
741
55
718
321
72
774
691
383
99
64
378
430
325
730
149
243
61
31
372
272
339
99
999
102
522
719
777
391
278
272
248
20
328
967
693
752
741
385
488
192
449
218
622
126
301
124
721
362
155
94
826
865
820
496
904
970
635
700
232
244
335
437
985
843
533
675
356
955
493
485
408
69
745
682
443
834
91
405
0
913
40
189
778
212
38
682
534
673
734
767
269
421
204
254
616
737
282
972
44
775
809
452
196
555
486
992
741
577
397
104
490
790
294
620
2
332
302
537
5
388
304
626
810
860
881
426
949
515
751
993
642
912
797
838
819
284
830
560
213
580
665
704
370
311
324
372
995
979
261
352
367
917
978
529
777
211
308
726
726
411
71
368
323
869
559
143
505
741
55
718
321
72
774
691
383
99
64
378
430
325
730
149
243
61
31
372
272
339
99
999
102
522
719
777
391
278
272
248
20
328
967
693
752
741
385
488
192
449
218
622
126
825833524
82
335
395
694
909
913
330
249
654
768
215
101
485
654
421
567
807
313
435
702
421
527
400
268
610
350
946
0
19
758
366
453
446
113
147
355
378
829
604
32
597
171
485
434
825
906
353
632
219
788
686
992
315
86
261
277
789
559
278
160
670
644
613
116
757
760
823
487
942
779
520
891
950
5
326
775
912
679
759
483
468
797
476
135
884
89
413
25
648
43
185
318
687
798
786
796
910
609
283
204
388
155
96
338
513
422
465
777
101
576
260
921
374
736
57
610
177
822
635
826
865
820
496
904
970
635
700
232
244
335
437
985
843
533
675
356
955
493
485
408
69
745
682
443
834
91
405
0
913
40
189
778
212
38
682
534
673
734
767
269
421
204
254
616
737
282
972
44
775
809
452
196
555
486
992
741
577
397
104
490
790
294
620
2
332
302
537
5
388
304
626
810
860
881
426
949
515
751
993
642
912
797
838
819
284
830
560
213
580
665
704
370
311
324
372
995
979
261
352
367
917
978
529
777
211
308
726
726
411
71
368
323
869
559
143
505
741
55
718
321
72
774
691
383
99
64
378
430
325
730
149
243
61
31
372
272
339
99
999
102
522
719
777
391
278
272
248
20
328
967
693
752
741
385
488
192
449
218
622
126
301
124
721
362
155
94
634
846
545
985
948
67
705
77
811
335
350
59
707
30
378
401
134
120
786
622
664
587
841
639
65
142
763
787
504
918
233
490
764
130
476
64
549
533
141
360
868
843
772
928
225
150
681
360
622
819
334
287
406
175
278
471
317
41
610
173
311
195
664
427
325
140
491
227
673
984
587
893
180
711
821
757
862
854
117
484
673
452
123
79
979
401
903
649
794
865
822
105
61
838
532
738
330
375
965
355
712
905
249
892
616
422
649
830
277
119
667
302
923
790
382
902
544
637
903
690
854
78
796
267
916
680
358
247
56
675
954
768
580
203
171126834
549
978
859321906
731
607
132
398
909
407
541
643
662
437
280
826
865
820
496
904
970
635
700
232
244
335
437
985
843
533
675
356
955
493
485
408
69
745
682
443
834
91
405
0
913
40
189
778
212
38
682
534
673
734
767
269
421
204
254
616
737
282
972
44
775
809
452
196
555
486
992
741
577
397
104
490
790
294
620
2
332
302
537
5
388
304
626
810
860
881
426
949
515
751
993
642
912
797
838
819
284
830
560
213
580
665
704
370
311
324
372
995
979
261
352
367
917
978
529
777
211
308
726
726
411
71
368
323
869
559
143
505
741
55
718
321
72
774
691
383
99
64
378
430
325
730
149
243
61
31
372
272
339
99
999
102
522
719
777
391
278
272
248
20
328
967
693
752
741
385
488
192
449
218
622
126
301
124
721
362
155
94
826
865
820
496
904
970
635
700
232
244
335
437
985
843
533
675
356
955
493
485
408
69
745
682
443
834
91
405
0
913
40
189
778
212
38
682
534
673
734
767
269
421
204
254
616
737
282
972
44
775
809
452
196
555
486
992
741
577
397
104
490
790
294
620
2
332
302
537
5
388
304
626
810
860
881
426
949
515
751
993
642
912
797
838
819
284
830
560
213
580
665
704
370
311
324
372
995
979
261
352
367
917
978
529
777
211
308
726
726
411
71
368
323
869
559
143
505
741
55
718
321
72
774
691
383
99
64
378
430
325
730
149
243
61
31
372
272
339
99
999
102
522
719
777
391
278
272
248
20
328
967
693
752
741
385
488
192
449
218
622
126
301
124
721
362
155
94
826
865
820
496
904
970
635
700
232
244
335
437
985
843
533
675
356
955
493
485
408
69
745
682
443
834
91
405
0
913
40
189
778
212
38
682
534
673
734
767
269
421
204
254
616
737
282
972
44
775
809
452
196
555
486
992
741
577
397
104
490
790
294
620
2
332
302
537
5
388
304
626
810
860
881
426
949
515
751
993
642
912
797
838
819
284
830
560
213
580
665
704
370
311
324
372
995
979
261
352
367
917
978
529
777
211
308
726
726
411
71
368
323
869
559
143
505
741
55
718
321
72
774
691
383
99
64
378
430
325
730
149
243
61
31
372
272
339
99
999
102
522
719
777
391
278
272
248
20
328
967
693
752
741
385
488
192
449
218
622
126
301
124
721
362
155
94
192
449
218
622
126
301
124
721
362
155
94
192
449
218
622
126
301
124
721
362
155
94
192
449
218
622
126
301
124
721
362
155
94
192
449
218
622
126
301
124
721
362
155
94
192
449
218
622
126
301
124
721
362
155
94
192
449
218
622
126
301
124
721
825833524
82
335
395
694
909
913
330
249
654
768
215
101
485
654
421
567
807
313
435
702
421
527
400
268
610
350
946
0
19
758
366
453
446
113
147
355
378
829
604
32
597
171
485
434
825
906
353
632
219
788
686
992
315
86
261
277
789
559
278
160
670
644
613
116
757
760
823
487
942
779
520
891
950
5
326
775
912
679
759
483
468
797
476
135
884
89
413
25
648
43
185
318
687
798
786
796
910
609
283
204
388
155
96
338
513
422
465
777
101
576
260
921
374
736
57
610
177
822
635
826
865
820
496
904
970
635
700
232
244
335
437
985
843
533
675
356
955
493
485
408
69
745
682
443
834
91
405
0
913
40
189
778
212
38
682
534
673
734
767
269
421
204
254
616
737
282
972
44
775
809
452
196
555
486
992
741
577
397
104
490
790
294
620
2
332
302
537
5
388
304
626
810
860
881
426
949
515
751
993
642
912
797
838
819
284
830
560
213
580
665
704
370
311
324
372
995
979
261
352
367
917
978
529
777
211
308
726
726
411
71
368
323
869
559
143
505
741
55
718
321
72
774
691
383
99
64
378
430
325
730
149
243
61
31
372
272
339
99
999
102
522
719
777
391
278
272
248
20
328
967
693
752
741
385
488
192
449
218
622
126
301
124
721
362
155
94
634
846
545
985
948
67
705
77
811
335
350
59
707
30
378
401
134
120
786
622
664
587
841
639
65
142
763
787
504
918
233
490
764
130
476
64
549
533
141
360
868
843
772
928
225
150
681
360
622
819
334
287
406
175
278
471
317
41
610
173
311
195
664
427
325
140
491
227
673
984
587
893
180
711
821
757
862
854
117
484
673
452
123
79
979
401
903
649
794
865
822
105
61
838
532
738
330
375
965
355
712
905
249
892
616
422
649
830
277
119
667
302
923
790
382
902
544
637
903
690
854
78
796
267
916
680
358
247
56
675
954
768
580
203
171126834
549
978
859321906
731
607
132
398
909
407
541
643
662
437
280
826
865
820
496
904
970
635
700
232
244
335
437
985
843
533
675
356
955
493
485
408
69
745
682
443
834
91
405
0
913
40
189
778
212
38
682
534
673
734
767
269
421
204
254
616
737
282
972
44
775
809
452
196
555
486
992
741
577
397
104
490
790
294
620
2
332
302
537
5
388
304
626
810
860
881
426
949
515
751
993
642
912
797
838
819
284
830
560
213
580
665
704
370
311
324
372
995
979
261
352
367
917
978
529
777
211
308
726
726
411
71
368
323
869
559
143
505
741
55
718
321
72
774
691
383
99
64
378
430
325
730
149
243
61
31
372
272
339
99
999
102
522
719
777
391
278
272
248
20
328
967
693
752
741
385
488
192
449
218
622
126
301
124
721
362
155
94
826
865
820
496
904
970
635
700
232
244
335
437
985
843
533
675
356
955
493
485
408
69
745
682
443
834
91
405
0
913
40
189
778
212
38
682
534
673
734
767
269
421
204
254
616
737
282
972
44
775
809
452
196
555
486
992
741
577
397
104
490
790
294
620
2
332
302
537
5
388
304
626
810
860
881
426
949
515
751
993
642
912
797
838
819
284
830
560
213
580
665
704
370
311
324
372
995
979
261
352
367
917
978
529
777
211
308
726
726
411
71
368
323
869
559
143
505
741
55
718
321
72
774
691
383
99
64
378
430
325
730
149
243
61
31
372
272
339
99
999
102
522
719
777
391
278
272
248
20
328
967
693
752
741
385
488
192
449
218
622
126
301
124
721
362
155
94
826
865
820
496
904
970
635
700
232
244
335
437
985
843
533
675
356
955
493
485
408
69
745
682
443
834
91
405
0
913
40
189
778
212
38
682
534
673
734
767
269
421
204
254
616
737
282
972
44
775
809
452
196
555
486
992
741
577
397
104
490
790
294
620
2
332
302
537
5
388
304
626
810
860
881
426
949
515
751
993
642
912
797
838
819
284
830
560
213
580
665
704
370
311
324
372
995
979
261
352
367
917
978
529
777
211
308
726
726
411
71
368
323
869
559
143
505
741
55
718
321
72
774
691
383
99
64
378
430
325
730
149
243
61
31
372
272
339
99
999
102
522
719
777
391
278
272
248
20
328
967
693
752
741
385
488
192
449
218
622
126
301
124
721
362
155
94
192
449
218
622
126
301
124
721
362
155
94
192
449
218
622
126
301
124
721
362
155
94
192
449
218
622
126
301
124
721
362
155
94
192
449
218
622
126
301
124
721
362
155
94
192
449
218
622
126
301
124
721
362
155
94
192
449
218
622
126
301
124
721
301
124
721
362
155
94
192
449
218
622
126
301
124
721
362
155
94
192
449
218
622
126
301
124
721
362
155
94
192
449
218
622
126
301
124
721
362
155
94
192
449
218
622
126
301
124
721
362
155
94
192
449
218
622
126
30
4
6
8
2
8
9
4
3
7
9
3
7
9
3
3
8
4567451
124
721
362
155
94
192
449
218
622
126
301
124
721
449
218
622
126
301
124
721
362
155
94
192
449
218
622
126
301
124
721
301
124
721
362
155
94
192
449
218
622
126
301
124
721
362
155
94
192
449
218
622
126
301
124
721
362
155
94
192
449
218
622
126
301
124
721
362
155
94
192
449
218
622
126
301
124
721
362
155
94
192
449
218
622
126
301
124
721
362
155
94
192
449
218
622
126
301
124
721
34567
438765
2345
98345
234325
57456
74564
0
0
0
0
12297
50603
27426
37405
66912
44212
36693
6686
60007
66513
59954
57087
81677
1349
20053
68005
65417
94537
44444
76203
58020
81107
41418
61408
78910
37525
49225
59171
68647
1274
40981
80945
51877
68407
18350
35141
12620
71396
41828
88979
37909
18134
46066
19586
35836
82471
87592
1253
93360
48388
93808
51380
29495
35226
29140
24757
89104
78366
83928
57751
79640
41261
55048
47869
26021
89751
83011
38641
61147
41191
27620
15408
59325
90038
34994
95161
88862
38938
96414
82222
87327
6575
49955
16822
58153
79095
57932
47257
57461
41860
5009
53453
99474
60057
17675
25495
49808
17038
64136
27307
58229
8108
42715
17554
14498
94062
29068
3360
33000
41834
85583
20327
48409
35538
53502
6563
14633
11434
53820
88447
69646
75181
58252
69120
51591
75927
94615
1399
9317
75103
45059
67546
83211
87774
1453
14062
81836
30521
17422
31189
72355
19357
51516
37117
54895
21370
43680
85881
49156
13852
90680
18803
5386
65284
87923
56977
41212
82539
74728
66881
73994
19787
34428
73558
23914
52233
87620
22102
82754
21394
53291
71461
40752
21160
24930
11999
42530
84962
14232
91687
98815
4912
10490
4201
70197
14765
77530
27761
13656
52258
94642
87651
88398
45422
61209
12312
97655
65181
34414
96761
86575
4058
84575
27327
25218
9505
39327
67748
94468
53559
75787
9635
74824
2629
30188
61373
33747
7718
89134
47403
59976
128
51406
64726
61903
28967
77038
75910
94148
27805
72672
80724
31863
73599
24403
57081
83104
80082
41181
93924
49994
16969
3559
24818
35950
50099
2543
69697
57817
8029
33453
34146
8157
84859
98872
86412
13827
92263
62323
24327
20068
51347
21403
68283
24946
45807
25364
24402
42241
82897
34679
92235
16218
54590
33405
52169
4690
35948
38218
78859
43977
71671
29357
68487
72883
44582
71251
86710
36845
49926
27389
73265
1273
48793
41548
42571
10952
83264
83326
69545
66161
34357
61781
82380
88947
11538
50901
9989
63839
5471
5201
24168
77143
34558
9007
50026
79140
80259
53088
15985
30185
80477
89250
47811
45622
47150
6734
72926
30414
90060
42472
12928
24417
20605
11660
29717
48495
78913
39706
12334
84384
44907
36503
61527
95818
61862
27905
74958
42121
80993
7296
88659
77823
96546
52822
39797
60049
59556
12724
6815
49617
71548
19743
90386
8505
47755
20103
57000
26668
76162
69335
11053
37421
22190
72580
33239
84052
16838
8198
42526
14183
15494
47537
92006
28392
359
48156
4793
59915
77232
11609
0
58229
8108
42715
17554
14498
94062
29068
3360
33000
41834
85583
20327
48409
35538
53502
6563
14633
11434
53820
88447
69646
75181
58252
69120
51591
75927
94615
1399
9317
75103
45059
67546
83211
87774
1453
14062
81836
30521
17422
31189
72355
19357
51516
37117
54895
21370
43680
345678
82344
54634
7
5
3
743
563
52
6534
645
63
54
7
456
435
4
7634
5
34
64
745
6
234
754
6754
63
254
235
6
85881
52822
39797
60049
59556
12724
6815
49617
71548
19743
90386
8505
47755
20103
57000
26668
76162
69335
11053
37421
22190
72580
33239
84052
16838
8198
42526
14183
15494
47537
92006
28392
359
48156
4793
59915
77232
11609
0
58229
8108
42715
17554
14498
94062
29068
3360
33000
41834
85583
20327
48409
35538
53502
6563
14633
11434
53820
88447
69646
75181
58252
69120
51591
75927
94615
1399
9317
75103
45059
67546
83211
87774
1453
14062
81836
30521
17422
31189
72355
19357
51516
37117
54895
21370
43680
345678
82344
54634
7
5
3
743
563
52
6534
645
63
54
7
456
435
4
7634
5
34
64
745
6
234
754
6754
63
254
235
6
85881
149
243
61
31
372
272
339
99
999
102
522
719
777
391
278
272
248
20
328
967
693
752
741
385
488
192
449
218
622
126
301
124
721
362
155
94
826
865
820
496
904
970
635
700
232
244
335
437
985
843
533
675
356
955
493
485
408
69
745
682
443
834
91
405
0
913
40
189
778
212
38
682
534
673
734
767
269
421
204
254
616
737
282
972
44
775
809
452
196
555
486
992
741
577
397
104
490
790
294
620
2
332
302
537
5
388
304
626
149
243
61
31
372
272
339
99
999
102
522
719
777
391
278
272
248
20
328
967
693
752
741
385
488
192
449
218
622
126
301
124
721
362
155
94
826
865
820
496
904
970
635
700
232
244
335
437
985
843
533
675
356
955
493
485
408
69
745
682
443
834
91
405
0
913
40
189
778
212
38
682
534
673
734
767
269
421
204
254
616
737
282
972
44
775
809
452
196
555
486
992
741
577
397
104
490
790
294
620
2
332
302
537
5
388
304
626
149
243
61
31
372
272
339
99
999
102
522
719
777
391
278
272
248
20
328
967
693
752
741
385
488
192
449
218
622
126
301
124
721
362
155
94
826
865
820
496
904
970
635
700
232
244
335
437
985
843
533
675
356
955
493
485
408
69
745
682
443
834
91
405
0
913
40
189
778
212
38
682
534
673
734
767
269
421
204
254
616
737
3